1.697 0.559 0.017 0.107 0.53 0.027 0.027    3.829 5.061 7.641 
1.817 0.571 0.017 0.096 0.53 0.021 0.032    6.799 7.592 4.891 
1.634 0.554 0.017 0.11 0.53 0.028 0.02    2.914 5.033 8.326 
1.759 0.535 0.018 0.111 0.53 0.027 0.021    0.704 4.953 8.251 
1.549 0.567 0.018 0.108 0.53 0.025 0.031    3.343 5.105 7.819 
1.485 0.637 0.017 0.099 0.53 0.023 0.031    5.268 9.86 3.017 
1.705 0.583 0.017 0.109 0.53 0.027 0.026    2.702 8.956 4.258 
1.712 0.628 0.014 0.088 0.53 0.027 0.027    2.69 6.146 5.176 
1.811 0.508 0.019 0.059 0.53 0.032 0.032    3.889 4.054 9.461 
1.725 0.502 0.022 0.074 0.53 0.027 0.039    5.585 8.61 6.371 
1.568 0.637 0.016 0.095 0.53 0.022 0.027    8.755 9.425 3.001 
1.81 0.583 0.014 0.112 0.53 0.029 0.021    3.713 5.203 6.829 
1.736 0.572 0.016 0.102 0.53 0.025 0.027    1.985 3.993 7.956 
1.776 0.569 0.016 0.111 0.53 0.029 0.025    7.582 6.391 6.289 
1.803 0.5 0.02 0.09 0.53 0.025 0.038    3.004 4.256 8.951 
1.532 0.536 0.019 0.118 0.53 0.028 0.024    6.623 4.977 8.956 
1.752 0.572 0.017 0.108 0.53 0.026 0.025    0.078 8.925 4.368 
1.604 0.484 0.023 0.153 0.53 0.019 0.039    6.906 6.993 7.535 
1.438 0.576 0.017 0.113 0.53 0.028 0.028    9.849 3.332 9.507 
1.739 0.57 0.016 0.103 0.53 0.025 0.026    2.498 5.376 6.979 
1.668 0.572 0.016 0.115 0.53 0.025 0.025    1.495 3.438 8.574 
1.787 0.579 0.015 0.094 0.53 0.023 0.028    6.91 3.993 7.548 
1.453 0.686 0.011 0.1 0.53 0.025 0.027    5.501 1.924 7.934 
1.811 0.549 0.016 0.107 0.53 0.027 0.024    1.232 3.265 8.858 
1.792 0.545 0.018 0.111 0.53 0.027 0.027    6.002 7.128 6.113 
1.723 0.562 0.016 0.107 0.53 0.026 0.028    3.217 4.529 7.81 
1.723 0.561 0.017 0.097 0.53 0.023 0.034    3.446 4.126 7.93 
1.81 0.47 0.023 0.16 0.53 0.014 0.036    2.979 8.482 6.354 
1.675 0.566 0.017 0.108 0.53 0.026 0.03    4.421 6.657 6.26 
1.789 0.553 0.016 0.107 0.53 0.027 0.027    3.028 4.266 8.019 
1.698 0.599 0.017 0.097 0.53 0.022 0.031    6.439 8.291 4.171 
1.696 0.563 0.017 0.114 0.53 0.025 0.027    1.437 5.922 6.847 
1.811 0.54 0.017 0.104 0.53 0.024 0.031    0.233 4.407 7.956 
1.647 0.55 0.018 0.1 0.53 0.022 0.031    6.051 2.516 9.715 
1.567 0.639 0.016 0.098 0.53 0.023 0.026    8.576 8.738 3.502 
1.764 0.576 0.016 0.1 0.53 0.024 0.03    3.07 6.321 5.916 
1.766 0.589 0.017 0.081 0.53 0.028 0.026    1.976 9.0 3.974 
1.8 0.518 0.018 0.109 0.53 0.026 0.031    6.426 3.388 9.257 
1.764 0.546 0.016 0.103 0.53 0.025 0.029    0.407 2.774 9.264 
1.716 0.574 0.016 0.11 0.53 0.027 0.023    2.428 7.004 5.971 
1.528 0.587 0.017 0.112 0.53 0.028 0.029    9.619 7.244 6.022 
1.629 0.589 0.016 0.102 0.53 0.025 0.029    0.528 4.835 7.292 
1.69 0.462 0.024 0.108 0.53 0.019 0.035    2.723 6.191 8.933 
1.711 0.569 0.017 0.104 0.53 0.024 0.029    1.099 5.761 6.736 
1.613 0.549 0.018 0.088 0.53 0.023 0.031    6.886 2.681 9.851 
1.688 0.614 0.016 0.106 0.53 0.027 0.026    1.681 9.717 2.962 
1.597 0.568 0.017 0.11 0.53 0.026 0.03    5.191 5.525 7.347 
1.445 0.458 0.026 0.175 0.53 0.014 0.044    3.087 5.958 9.279 
1.817 0.562 0.016 0.095 0.53 0.026 0.026    1.587 4.456 7.636 
1.783 0.572 0.016 0.102 0.53 0.026 0.026    1.528 5.402 6.758 
1.577 0.595 0.016 0.105 0.53 0.026 0.029    0.889 6.123 6.404 
1.8 0.56 0.016 0.107 0.53 0.027 0.027    3.141 5.374 7.0 
1.702 0.602 0.016 0.11 0.53 0.027 0.02    0.678 9.864 3.313 
1.536 0.583 0.017 0.112 0.53 0.028 0.028    8.368 5.662 7.278 
1.701 0.596 0.015 0.081 0.53 0.025 0.029    5.811 4.567 7.145 
1.586 0.448 0.026 0.119 0.53 0.021 0.03    0.571 6.078 9.762 
1.525 0.594 0.016 0.101 0.53 0.024 0.029    3.945 3.684 8.402 
1.592 0.552 0.017 0.112 0.53 0.028 0.028    7.797 2.556 9.991 
1.812 0.558 0.016 0.103 0.53 0.026 0.024    1.727 5.119 7.256 
1.708 0.538 0.02 0.135 0.53 0.02 0.034    0.22 9.427 4.537 
1.79 0.555 0.017 0.087 0.53 0.028 0.028    2.266 5.88 6.937 
1.692 0.562 0.017 0.094 0.53 0.021 0.031    9.079 2.231 9.501 
1.616 0.587 0.018 0.109 0.53 0.026 0.032    5.917 9.765 3.722 
1.818 0.536 0.017 0.104 0.53 0.025 0.029    0.453 2.769 9.28 
1.722 0.509 0.02 0.084 0.53 0.027 0.036    4.065 4.01 9.345 
1.585 0.464 0.025 0.105 0.53 0.019 0.034    3.428 7.034 8.847 
1.785 0.469 0.022 0.055 0.53 0.028 0.042    3.074 4.867 9.658 
1.737 0.577 0.018 0.105 0.53 0.024 0.031    1.123 9.965 3.331 
1.754 0.597 0.017 0.094 0.53 0.021 0.031    7.988 8.866 3.581 
1.42 0.45 0.027 0.18 0.53 0.016 0.028    0.391 6.51 9.685 
1.624 0.488 0.023 0.124 0.53 0.024 0.028    4.143 7.817 7.515 
1.719 0.585 0.017 0.106 0.53 0.027 0.03    6.272 8.851 4.074 
1.703 0.542 0.017 0.113 0.53 0.028 0.027    8.744 4.255 8.63 
1.798 0.574 0.017 0.107 0.53 0.025 0.029    0.907 9.741 3.375 
1.75 0.53 0.018 0.11 0.53 0.027 0.028    6.442 4.121 8.724 
1.645 0.625 0.016 0.088 0.53 0.023 0.028    8.549 8.881 3.391 
1.694 0.546 0.017 0.116 0.53 0.028 0.024    6.593 4.285 8.614 
1.747 0.566 0.015 0.109 0.53 0.03 0.02    5.06 3.197 9.058 
1.711 0.509 0.019 0.111 0.53 0.025 0.034    7.607 3.057 9.814 
1.756 0.547 0.016 0.11 0.53 0.027 0.024    3.153 4.119 8.49 
1.808 0.547 0.017 0.095 0.53 0.022 0.035    5.294 3.712 8.234 
1.808 0.581 0.017 0.111 0.53 0.024 0.027    1.559 9.229 3.541 
1.778 0.545 0.018 0.103 0.53 0.026 0.027    0.623 7.134 6.179 
1.819 0.487 0.02 0.088 0.53 0.027 0.036    8.722 4.024 9.418 
1.679 0.535 0.02 0.129 0.53 0.019 0.033    4.442 5.815 7.334 
1.815 0.533 0.017 0.112 0.53 0.028 0.025    6.994 4.644 8.188 
1.572 0.556 0.017 0.119 0.53 0.03 0.02    8.251 5.156 8.444 
1.689 0.549 0.017 0.105 0.53 0.025 0.028    1.446 2.932 9.348 
1.526 0.6 0.018 0.105 0.53 0.022 0.035    2.218 9.311 4.009 
1.476 0.586 0.016 0.103 0.53 0.026 0.029    0.905 2.354 9.803 
1.754 0.551 0.017 0.078 0.53 0.028 0.027    3.483 2.653 9.553 
1.77 0.584 0.016 0.104 0.53 0.026 0.03    3.914 8.297 4.304 
1.818 0.584 0.014 0.107 0.53 0.026 0.027    0.201 4.472 6.98 
1.715 0.554 0.016 0.107 0.53 0.027 0.027    1.99 2.662 9.434 
1.649 0.577 0.017 0.106 0.53 0.026 0.031    5.204 7.17 5.751 
1.811 0.564 0.015 0.099 0.53 0.025 0.023    7.285 1.556 9.751 
1.6 0.547 0.018 0.113 0.53 0.028 0.027    7.048 3.852 9.163 
1.809 0.555 0.017 0.1 0.53 0.026 0.021    4.515 5.275 7.36 
1.437 0.581 0.017 0.113 0.53 0.028 0.028    9.791 3.965 8.941 
1.725 0.564 0.017 0.095 0.53 0.021 0.034    6.426 4.424 7.656 
1.812 0.523 0.018 0.089 0.53 0.029 0.03    7.734 4.603 8.496 
1.697 0.54 0.019 0.13 0.53 0.025 0.022    1.757 8.799 5.451 
1.592 0.563 0.016 0.115 0.53 0.029 0.023    7.248 3.228 9.468 
1.769 0.537 0.017 0.11 0.53 0.028 0.028    6.303 3.271 9.162 
1.633 0.594 0.016 0.108 0.53 0.028 0.024    2.644 5.599 6.797 
1.771 0.562 0.019 0.1 0.53 0.021 0.036    3.0 9.525 3.821 
1.601 0.581 0.016 0.097 0.53 0.024 0.03    5.045 1.666 9.862 
1.526 0.587 0.017 0.096 0.53 0.021 0.031    8.418 3.096 8.945 
1.785 0.568 0.016 0.108 0.53 0.027 0.027    4.142 6.624 5.971 
1.518 0.57 0.018 0.085 0.53 0.023 0.033    6.297 2.333 9.957 
1.729 0.586 0.014 0.098 0.53 0.024 0.025    7.873 1.94 9.181 
1.587 0.574 0.017 0.104 0.53 0.024 0.032    0.209 5.268 7.383 
1.629 0.615 0.016 0.081 0.53 0.026 0.028    4.86 7.299 5.032 
1.772 0.588 0.017 0.102 0.53 0.02 0.032    7.263 9.598 3.132 
1.512 0.57 0.017 0.115 0.53 0.029 0.026    9.934 4.186 8.847 
1.779 0.571 0.016 0.099 0.53 0.025 0.026    4.799 4.813 7.243 
1.754 0.545 0.017 0.102 0.53 0.024 0.031    1.493 2.38 9.515 
1.617 0.597 0.018 0.1 0.53 0.022 0.034    2.814 9.018 3.961 
1.771 0.52 0.018 0.13 0.53 0.022 0.029    1.128 2.849 9.521 
1.442 0.472 0.025 0.113 0.53 0.023 0.035    4.733 5.59 9.946 
1.807 0.541 0.017 0.061 0.53 0.032 0.026    0.583 2.944 9.639 
1.79 0.588 0.016 0.095 0.53 0.023 0.032    4.261 7.728 4.462 
1.811 0.488 0.02 0.105 0.53 0.022 0.039    1.548 3.487 9.552 
1.737 0.579 0.018 0.104 0.53 0.024 0.032    1.002 9.884 3.311 
1.567 0.576 0.016 0.108 0.53 0.027 0.023    0.292 3.29 9.157 
1.749 0.569 0.017 0.097 0.53 0.026 0.03    2.961 8.269 4.839 
1.692 0.6 0.014 0.111 0.53 0.03 0.022    8.208 6.4 6.033 
1.612 0.544 0.017 0.113 0.53 0.028 0.028    9.856 2.798 9.894 
1.704 0.467 0.024 0.078 0.53 0.022 0.045    0.125 5.59 9.191 
1.747 0.509 0.019 0.114 0.53 0.026 0.026    4.383 3.948 9.365 
1.637 0.503 0.021 0.118 0.53 0.026 0.03    8.961 6.818 7.749 
1.638 0.49 0.023 0.155 0.53 0.015 0.039    1.897 7.519 7.091 
1.669 0.585 0.016 0.097 0.53 0.024 0.027    5.38 3.51 8.227 
1.756 0.556 0.018 0.074 0.53 0.031 0.031    7.0 9.324 4.668 
1.769 0.552 0.018 0.126 0.53 0.023 0.026    1.142 7.314 5.737 
1.639 0.598 0.016 0.095 0.53 0.022 0.03    8.303 5.279 6.662 
1.739 0.56 0.017 0.108 0.53 0.026 0.031    4.547 7.442 5.565 
1.59 0.576 0.017 0.109 0.53 0.027 0.024    1.257 6.309 6.867 
1.725 0.536 0.018 0.069 0.53 0.029 0.03    0.462 3.025 9.743 
1.741 0.584 0.016 0.091 0.53 0.022 0.031    7.993 5.674 6.3 
1.727 0.552 0.017 0.083 0.53 0.028 0.028    0.211 4.133 8.51 
1.552 0.596 0.016 0.105 0.53 0.026 0.027    0.332 4.664 7.608 
1.771 0.525 0.017 0.109 0.53 0.026 0.031    5.641 3.192 9.305 
1.665 0.588 0.017 0.106 0.53 0.026 0.028    1.447 7.233 5.433 
1.693 0.529 0.019 0.11 0.53 0.025 0.034    5.672 6.139 7.279 
1.733 0.584 0.016 0.11 0.53 0.027 0.027    6.516 8.956 4.078 
1.811 0.543 0.016 0.103 0.53 0.025 0.027    1.716 3.06 9.013 
1.803 0.407 0.026 0.175 0.53 0.011 0.044    0.801 5.677 9.446 
1.811 0.525 0.017 0.129 0.53 0.021 0.026    4.501 2.287 9.754 
1.391 0.538 0.021 0.143 0.53 0.02 0.035    1.509 4.567 9.081 
1.736 0.577 0.018 0.101 0.53 0.023 0.03    3.399 8.749 4.283 
1.809 0.535 0.016 0.11 0.53 0.027 0.026    4.833 3.372 9.027 
1.805 0.516 0.02 0.129 0.53 0.016 0.035    6.743 6.723 6.68 
1.722 0.527 0.021 0.102 0.53 0.02 0.03    5.926 8.864 5.576 
1.712 0.58 0.017 0.108 0.53 0.026 0.026    1.16 8.889 4.319 
1.783 0.552 0.016 0.104 0.53 0.026 0.027    0.988 2.662 9.21 
1.806 0.543 0.018 0.089 0.53 0.028 0.024    1.217 6.654 6.719 
1.808 0.56 0.016 0.092 0.53 0.023 0.028    8.815 2.01 9.387 
1.75 0.58 0.016 0.092 0.53 0.021 0.03    9.698 4.725 7.066 
1.674 0.553 0.018 0.11 0.53 0.026 0.031    6.388 5.485 7.41 
1.791 0.563 0.017 0.11 0.53 0.028 0.026    6.864 7.527 5.471 
1.798 0.556 0.019 0.097 0.53 0.02 0.037    4.786 9.274 4.04 
1.748 0.551 0.017 0.103 0.53 0.024 0.034    0.547 5.007 7.428 
1.647 0.598 0.017 0.093 0.53 0.021 0.032    8.724 6.306 5.857 
1.628 0.537 0.018 0.104 0.53 0.024 0.034    0.283 2.513 9.967 
1.762 0.526 0.017 0.113 0.53 0.029 0.026    9.279 2.898 9.775 
1.697 0.565 0.017 0.111 0.53 0.027 0.029    7.96 6.798 6.187 
1.629 0.641 0.014 0.1 0.53 0.027 0.025    0.512 7.166 4.448 
1.575 0.629 0.012 0.11 0.53 0.028 0.021    0.296 1.551 9.357 
1.708 0.506 0.019 0.115 0.53 0.026 0.032    8.446 3.559 9.592 
1.753 0.549 0.016 0.1 0.53 0.025 0.03    0.752 2.542 9.378 
1.816 0.578 0.013 0.102 0.53 0.027 0.022    2.512 1.652 9.46 
1.79 0.53 0.018 0.104 0.53 0.024 0.033    0.575 4.074 8.454 
1.427 0.634 0.015 0.105 0.53 0.028 0.022    0.254 4.324 7.74 
1.69 0.58 0.016 0.107 0.53 0.027 0.026    3.145 5.801 6.665 
1.705 0.576 0.016 0.098 0.53 0.023 0.028    7.336 3.926 7.96 
1.632 0.532 0.019 0.103 0.53 0.023 0.036    0.612 3.054 9.604 
1.773 0.571 0.016 0.105 0.53 0.026 0.026    0.826 5.423 6.821 
1.662 0.599 0.016 0.096 0.53 0.024 0.029    4.177 7.098 5.288 
1.702 0.529 0.02 0.107 0.53 0.023 0.021    6.789 6.048 7.759 
1.79 0.526 0.02 0.111 0.53 0.025 0.028    2.429 9.663 4.764 
1.658 0.594 0.015 0.107 0.53 0.028 0.022    1.392 3.908 8.042 
1.798 0.576 0.015 0.098 0.53 0.025 0.021    8.376 2.791 8.65 
1.587 0.611 0.016 0.111 0.53 0.028 0.026    7.704 9.545 3.639 
1.49 0.575 0.017 0.11 0.53 0.027 0.028    5.874 3.352 9.264 
1.55 0.594 0.017 0.097 0.53 0.025 0.029    2.527 6.31 6.439 
1.738 0.558 0.018 0.092 0.53 0.018 0.037    8.947 6.438 6.317 
1.618 0.566 0.016 0.109 0.53 0.027 0.025    1.715 2.744 9.542 
1.608 0.591 0.017 0.078 0.53 0.028 0.03    0.986 7.714 5.447 
1.792 0.548 0.017 0.102 0.53 0.024 0.032    0.439 5.357 7.141 
1.384 0.639 0.016 0.094 0.53 0.021 0.031    9.577 5.585 6.58 
1.602 0.645 0.011 0.097 0.53 0.028 0.023    2.789 1.921 8.553 
1.713 0.543 0.018 0.11 0.53 0.026 0.031    7.26 5.45 7.498 
1.679 0.532 0.02 0.133 0.53 0.019 0.033    1.688 6.998 6.512 
1.648 0.588 0.017 0.101 0.53 0.023 0.034    0.967 6.58 5.792 
1.76 0.551 0.017 0.105 0.53 0.025 0.033    3.551 4.331 7.881 
1.82 0.546 0.016 0.109 0.53 0.026 0.03    5.5 3.802 8.244 
1.573 0.516 0.022 0.139 0.53 0.019 0.037    1.263 6.396 7.563 
1.459 0.582 0.017 0.111 0.53 0.028 0.029    7.932 3.461 9.165 
1.559 0.6 0.015 0.106 0.53 0.027 0.025    1.125 4.241 7.911 
1.809 0.545 0.019 0.1 0.53 0.022 0.038    0.313 8.806 4.544 
1.69 0.569 0.017 0.103 0.53 0.024 0.029    2.482 5.543 6.98 
1.717 0.553 0.017 0.104 0.53 0.024 0.031    0.349 4.838 7.685 
1.784 0.475 0.022 0.108 0.53 0.022 0.036    3.002 5.474 8.629 
1.815 0.54 0.017 0.107 0.53 0.026 0.03    3.349 4.764 7.725 
1.598 0.59 0.015 0.106 0.53 0.028 0.024    1.027 3.043 8.924 
1.632 0.557 0.02 0.101 0.53 0.021 0.038    1.308 8.125 5.42 
